[13.36408519744873, 9.973017692565918],
[13.134969711303711, 8.88618278503418],
[20.123394012451172, 16.084571838378906],
[11.837250709533691, 8.991217613220215],
[12.780094146728516, 4.289383888244629],
[13.412994384765625, 5.647435188293457],
[13.42788028717041, 9.546863555908203, 6.077553749084473],
[13.205153465270996, 9.466995239257812, 6.1144232749938965],
[14.072473526000977, 9.062199592590332, 4.982701778411865],
[13.676539421081543, 8.749667167663574, 4.472516059875488],
[13.04550552368164, 5.037231922149658, 0.3090882897377014],
[13.464055061340332, 5.756679058074951, 0.44202131032943726],
[12.531625747680664, 8.473037719726562, 4.902158260345459, 1.6824443340301514],
[13.147553443908691, 9.377721786499023, 6.080517768859863, 2.875051498413086],
[13.686548233032227, 8.462397575378418, 3.810065746307373, 0.5392974615097046],
[12.614849090576172, 7.022825717926025, 2.2525365352630615, 0.26782742142677307],
[13.32333755493164, 5.761712551116943, 0.44670605659484863, 0.22263984382152557],
[13.587262153625488, 5.634507179260254, 0.4534735083580017, 0.2193083018064499],
