(#epochs, learning rate, batch size) [KBLab_bert, KBLab_albert, KBLab_sbert, AF_BERT, ML_bert, ML_sbert]
{(2, 2e-05, 16): [  [11.702591896057129, 11.654315948486328]], 
(2, 2e-05, 32): [  [11.688862800598145, 11.638618469238281]], 
(2, 3e-05, 16): [ [11.699424743652344, 11.626450538635254]], 
(2, 3e-05, 32): [   [11.689797401428223, 11.621429443359375]], 
(2, 5e-05, 16): [  [11.704048156738281, 11.605032920837402]], 
(2, 5e-05, 32): [  [11.693467140197754, 11.59246826171875]], 
(3, 2e-05, 16): [  [11.705681800842285, 11.652043342590332, 11.60684871673584]], 
(3, 2e-05, 32): [  [11.693050384521484, 11.646761894226074, 11.59869384765625]], 
(3, 3e-05, 16): [  [11.696205139160156, 11.629731178283691, 11.567275047302246]], 
(3, 3e-05, 32): [  [11.705421447753906, 11.639458656311035, 11.578022003173828]], 
(3, 5e-05, 16): [  [11.700512886047363, 11.597088813781738, 11.515830993652344]], 
(3, 5e-05, 32): [  [11.688288688659668, 11.590582847595215, 11.515247344970703]], 
(4, 2e-05, 16): [  [11.704411506652832, 11.652705192565918, 11.604594230651855, 11.564208984375]], 
(4, 2e-05, 32): [  [11.699448585510254, 11.651031494140625, 11.608210563659668, 11.564375877380371]], 
(4, 3e-05, 16): [  [11.705291748046875, 11.6343355178833, 11.571843147277832, 11.522692680358887]], 
(4, 3e-05, 32): [  [11.697848320007324, 11.627999305725098, 11.566838264465332, 11.522343635559082]], 
(4, 5e-05, 16): [  [11.69754409790039, 11.588322639465332, 11.521788597106934, 11.45605182647705]], 
(4, 5e-05, 32): [  [11.695891380310059, 11.601716041564941, 11.523391723632812, 11.454952239990234]]}

(4, 5e-5, 32) KBLab_BERT, KBLAB_ALBERT, KBLab_sbert, ML_sbert 
(2, 3e-05, 16) ML_bert, 

[20.30035972595215, 16.561662673950195],
[20.49852752685547, 18.248048782348633],
[14.112460136413574, 9.149825096130371],
[20.622943878173828, 16.85890769958496],
[20.640880584716797, 14.991462707519531],
[20.246227264404297, 14.832064628601074],
[20.266088485717773, 16.444507598876953, 13.086472511291504],
[20.121627807617188, 16.642763137817383, 12.802118301391602],
[20.364776611328125, 14.74884033203125, 11.782316207885742],
[20.673982620239258, 15.98300838470459, 11.921335220336914],
[20.91105079650879, 12.788125991821289, 11.025424003601074],
[20.48062515258789, 14.663297653198242, 10.986793518066406],
[20.581090927124023, 16.76837158203125, 14.06449031829834, 11.913076400756836],
[20.493005752563477, 16.94580078125, 13.652756690979004, 11.675387382507324],
[20.402790069580078, 15.236658096313477, 11.617192268371582, 10.894464492797852],
[20.50177001953125, 14.825896263122559, 11.546687126159668, 10.88803768157959],
[20.77414894104004, 13.337201118469238, 11.0000581741333, 9.332964897155762],
[20.379467010498047, 14.333921432495117, 11.34155559539795, 10.148857116699219],
