[14.165759086608887, 13.064614295959473],
[13.153175354003906, 12.002058982849121],
[11.428532600402832, 8.25196647644043],
[15.996485710144043, 10.533555030822754],
[14.789055824279785, 12.287407875061035],
[13.669038772583008, 11.728425025939941],
[12.354485511779785, 11.349693298339844, 10.892597198486328],
[14.364691734313965, 13.813009262084961, 12.839950561523438],
[13.743840217590332, 12.296554565429688, 11.68585205078125],
[13.523820877075195, 12.137154579162598, 10.66684627532959],
[15.079779624938965, 13.21285629272461, 11.187631607055664],
[12.781201362609863, 10.835214614868164, 8.552661895751953],
[15.43238353729248, 14.436653137207031, 13.532156944274902, 12.756709098815918],
[13.140096664428711, 12.364980697631836, 11.726343154907227, 11.045172691345215],
[16.29016876220703, 14.978900909423828, 13.395771026611328, 12.223090171813965],
[16.35086441040039, 15.09992504119873, 14.184094429016113, 13.153934478759766],
[13.279399871826172, 11.21925163269043, 9.548598289489746, 7.770834922790527],
[14.649626731872559, 12.67628288269043, 10.13235855102539, 8.376220703125],

(2, 2e-05, 16): 
(2, 2e-05, 32): 
(2, 3e-05, 16): 
(2, 3e-05, 32): 
(2, 5e-05, 16): 
(2, 5e-05, 32): 
(3, 2e-05, 16): 
(3, 2e-05, 32): 
(3, 3e-05, 16): 
(3, 3e-05, 32): 
(3, 5e-05, 16): 
(3, 5e-05, 32): 
(4, 2e-05, 16): 
(4, 2e-05, 32): 
(4, 3e-05, 16): 
(4, 3e-05, 32): 
(4, 5e-05, 16):
(4, 5e-05, 32):