[17.546173095703125, 14.025641441345215]
[17.360092163085938, 13.58658504486084],
[17.19628143310547, 11.384984016418457], 
[16.147911071777344, 15.271713256835938], 
[16.68690299987793, 8.153210639953613], 
[17.07469940185547, 8.482281684875488],
[17.299768447875977, 12.844602584838867, 8.861477851867676], 
[17.58890151977539, 13.850160598754883, 10.260411262512207],
[16.617855072021484, 10.562654495239258, 5.8979949951171875],
[16.031192779541016, 9.711133003234863, 4.801559925079346],
[17.641992568969727, 9.24930191040039, 2.9012837409973145],
[16.965179443359375, 8.076172828674316, 1.2970751523971558],
[15.476041793823242, 11.486153602600098, 7.758945465087891, 4.214864253997803],
[17.387672424316406, 13.94165325164795, 10.688605308532715, 7.773612022399902],
[16.451364517211914, 10.441787719726562, 5.760947227478027, 1.5981553792953491],
[18.021080017089844, 12.980595588684082, 8.265859603881836, 4.407435894012451],
[17.801313400268555, 9.3774995803833, 3.509834051132202, 0.40810877084732056],
[17.191219329833984, 7.080415725708008, 0.5720114707946777, 0.29181814193725586],

(2, 2e-05, 16): 
(2, 2e-05, 32): 
(2, 3e-05, 16): 
(2, 3e-05, 32): 
(2, 5e-05, 16): 
(2, 5e-05, 32): 
(3, 2e-05, 16): 
(3, 2e-05, 32): 
(3, 3e-05, 16): 
(3, 3e-05, 32): 
(3, 5e-05, 16): 
(3, 5e-05, 32): 
(4, 2e-05, 16): 
(4, 2e-05, 32): 
(4, 3e-05, 16): 
(4, 3e-05, 32): 
(4, 5e-05, 16):
(4, 5e-05, 32):