[12.369135856628418, 10.12474250793457],
[11.162277221679688, 9.146966934204102], 
[12.903822898864746, 7.616262912750244], 
[14.031654357910156, 12.362580299377441], 
[11.036120414733887, 6.563096046447754], 
[10.896913528442383, 7.369714736938477], 
[11.299800872802734, 8.91395378112793, 6.854249954223633], 
[11.280680656433105, 9.106396675109863, 7.223130702972412], 
[10.912890434265137, 7.988913536071777, 5.825581073760986], 
[11.07278060913086, 8.03824234008789, 5.544858932495117], 
[11.555106163024902, 7.521944522857666, 4.056244850158691], 
[11.070137023925781, 6.596863269805908, 4.168663024902344],
[10.898503303527832, 8.565299034118652, 6.649593353271484, 4.992595195770264],  
[10.395631790161133, 8.157320976257324, 6.45347261428833, 5.131524085998535], 
[11.169951438903809, 8.10803508758545, 5.532793998718262, 3.7608895301818848], 
[11.256743431091309, 8.032594680786133, 5.728129863739014, 3.9489593505859375], 
[11.7539701461792, 7.680617809295654, 4.667845726013184, 2.8458237648010254], 
[11.531235694885254, 6.934020519256592, 3.939070463180542, 2.4759976863861084], 

(2, 2e-05, 16): 
(2, 2e-05, 32): 
(2, 3e-05, 16): 
(2, 3e-05, 32): 
(2, 5e-05, 16): 
(2, 5e-05, 32): 
(3, 2e-05, 16): 
(3, 2e-05, 32): 
(3, 3e-05, 16): 
(3, 3e-05, 32): 
(3, 5e-05, 16): 
(3, 5e-05, 32): 
(4, 2e-05, 16): 
(4, 2e-05, 32): 
(4, 3e-05, 16): 
(4, 3e-05, 32): 
(4, 5e-05, 16):
(4, 5e-05, 32):